-8.833825e+00 -9.619396e-01 -1.731815e+00 4.685203e+00 8.862341e+00 4.667968e+00 3.133140e-01 4.834546e+00 4.317820e+00 6.325566e+00 5.323843e+00 -6.765184e-01 -8.091676e-02 -2.439407e-01 -1.079516e-01 5.830600e-01 -9.106385e-01 -1.033712e+00 -1.019859e+00 8.038617e-01 7.773368e-01 -8.406477e-01 -1.373141e+00 -8.290734e-02 5.487095e-01 -3.726172e-03 
-9.302766e+00 -1.950555e+00 -5.948609e-01 -2.649966e-01 6.199800e+00 3.773119e-01 -6.715100e-01 5.075474e+00 7.756702e-01 -8.451334e-01 6.789804e+00 2.247889e+00 -9.705460e-02 -3.306953e-01 -6.337578e-01 -1.752658e-01 -3.844276e-01 -6.003031e-01 -1.382831e+00 1.147753e-01 8.763264e-01 -5.876704e-01 -1.267594e+00 1.958800e-01 8.708311e-01 -1.679969e-03 
-9.819058e+00 -1.007390e+00 6.150075e-01 2.607111e+00 5.025053e+00 1.714000e+00 4.825035e+00 8.600765e+00 1.885657e+00 3.045212e+00 4.176326e+00 6.048255e-01 -9.147871e-02 -1.487906e-01 -7.342930e-01 -8.729164e-01 2.702836e-01 3.707848e-01 -8.153050e-02 -5.761409e-01 -2.481548e-01 -5.360500e-01 -3.740722e-01 -8.238645e-01 -5.645902e-01 -1.603091e-03 
-9.994685e+00 -4.108004e+00 -3.781556e+00 3.802111e+00 7.779470e+00 -7.692032e-01 -1.368670e+00 7.333068e+00 2.595550e+00 1.627774e+00 6.877002e+00 3.036965e+00 -8.403563e-02 -6.217518e-02 -8.160774e-01 -1.396721e+00 -2.166904e-02 1.798001e-01 5.540780e-01 -1.615126e+00 -1.776325e+00 1.815316e-01 3.937098e-01 -1.571222e+00 -1.376638e+00 1.702213e-03 
-9.231818e+00 -3.554681e+00 -4.503050e+00 4.003067e+00 9.926430e+00 4.833573e+00 -2.218811e+00 2.464975e+00 7.276307e-01 3.218752e+00 1.160922e+00 -3.894008e+00 -9.544170e-02 -2.471523e-02 -6.840021e-01 -7.597507e-01 -4.468768e-01 1.287905e-01 1.913429e-01 -1.754875e+00 -1.069114e+00 9.900745e-01 -5.585017e-01 -1.478100e+00 -1.297650e+00 -9.656549e-04 
-9.907262e+00 -4.757297e+00 -5.019438e+00 -1.071320e+00 4.648112e+00 1.587915e+00 -5.225218e+00 -7.382543e-01 2.262341e+00 1.036646e+00 4.413972e-01 -2.385887e+00 -8.656204e-02 3.158501e-01 3.653090e-01 4.413817e-01 -4.475707e-01 -6.265875e-01 -3.871182e-01 -3.021237e-01 7.459331e-02 3.152756e-01 -1.235412e-01 -1.362857e+00 -1.522528e+00 -2.066088e-03 
-9.986346e+00 -4.102754e+00 -2.564805e+00 2.809442e+00 7.234684e+00 1.492155e+00 -2.021067e+00 7.290856e+00 7.002634e+00 5.482676e-01 3.627300e-03 -3.171999e+00 -9.504378e-02 3.462063e-01 3.687868e-01 6.653739e-01 -4.530668e-01 -8.047878e-01 -1.036247e+00 9.671410e-01 1.132905e+00 6.142213e-02 3.287877e-02 4.232542e-01 1.201578e+00 1.753259e-03 
-8.038171e+00 -2.007422e+00 -2.543770e+00 2.161070e+00 5.992405e+00 -1.034085e+00 -2.978160e+00 5.293094e+00 1.034427e+00 2.345310e+00 6.413639e-01 -4.936680e+00 -9.456503e-02 5.391442e-01 3.901133e-01 5.405812e-01 2.811419e-01 2.432352e-01 -2.177030e-01 1.837085e+00 1.425498e+00 -5.223874e-01 1.207906e+00 1.405221e+00 1.207229e+00 -1.614118e-03 
-8.435332e+00 -3.085684e+00 -2.414015e+00 1.215379e-01 5.230345e+00 9.633381e-01 1.493365e+00 5.113826e+00 1.648699e+00 2.728813e+00 3.177210e+00 3.389277e+00 -8.267391e-02 1.780111e-01 1.640022e-01 -1.369182e-02 -1.381066e-01 5.153782e-01 9.928223e-01 5.427825e-01 -6.912218e-01 -3.606662e-01 1.210840e+00 1.196619e+00 1.271576e+00 1.609135e-03 
-7.987048e+00 -3.315265e+00 -2.391927e+00 1.678341e+00 6.866458e+00 7.638087e-01 2.202991e+00 7.477751e+00 2.327372e+00 5.985905e+00 5.880709e+00 3.696182e-01 -1.008176e-01 -2.276760e-01 -3.779517e-01 1.072663e-01 9.330978e-02 5.769154e-01 4.716298e-01 -7.516202e-01 -1.039032e+00 4.650968e-01 1.576798e-02 2.365823e-01 7.508920e-01 -6.060243e-04 
-9.121852e+00 -2.628821e+00 -2.709185e+00 2.360274e+00 9.374550e+00 5.557320e+00 -1.897730e+00 2.742419e+00 4.552830e+00 4.782168e+00 3.367048e+00 5.327296e-01 -8.387184e-02 -2.351995e-01 -1.853817e-01 5.840874e-01 -3.588978e-02 -3.156817e-01 5.971404e-01 -1.271811e+00 -1.730854e+00 -7.372853e-01 -3.555605e-01 -5.635738e-04 -1.044071e-01 4.316568e-04 
-8.833291e+00 -4.125612e+00 -1.859853e+00 1.508251e+00 6.804880e+00 -9.729269e-01 -5.040713e+00 1.283637e+00 1.907845e+00 1.397473e+00 1.729357e+00 2.460535e-01 -9.699619e-02 -3.551029e-01 -4.102858e-01 5.158175e-01 -1.463948e-01 -6.680843e-01 9.392307e-01 5.609563e-01 -8.635200e-01 -1.827983e+00 -6.267539e-01 -1.731601e-01 1.163783e-01 1.532912e-03 
-9.188209e+00 -3.607419e+00 2.403854e-01 2.713406e-02 3.682725e+00 4.817408e+00 -1.243838e+00 -4.433874e-01 -1.827964e+00 3.245227e+00 5.250069e+00 2.929023e+00 -8.242631e-02 -2.428610e-01 -3.130855e-01 -1.513535e-01 1.124596e-01 -3.139154e-01 -1.119276e-01 5.056239e-01 -1.777080e-01 -1.716675e+00 -3.465938e-01 2.718861e-01 -4.645266e-02 1.651120e-03 
-9.729384e+00 -4.877395e+00 -1.287625e+00 2.112937e+00 6.371949e+00 5.829918e+00 4.680827e+00 4.753054e+00 -3.622146e+00 3.620606e+00 4.073399e+00 -2.466371e-01 -9.387577e-02 -9.585114e-02 -1.431935e-01 -8.527597e-01 3.756401e-01 -2.438062e-01 -3.239620e-01 -3.545878e-01 -6.559979e-01 -2.628228e-01 -1.394685e+00 1.143333e-01 -9.501593e-01 4.073536e-03 
-9.888110e+00 -3.818357e+00 -3.752067e+00 2.620228e+00 8.021438e+00 1.596259e+00 -4.230381e+00 1.191702e-01 -1.265549e+00 1.937633e+00 3.554457e+00 5.468116e-01 -7.717645e-02 3.811718e-01 -2.776983e-01 -9.265448e-01 4.225565e-01 -2.856562e-01 -7.922321e-01 -1.057948e+00 -1.542243e+00 4.915235e-01 -2.224373e+00 -1.396095e-01 -8.422849e-01 -1.620042e-03 
-8.962596e+00 -4.736111e+00 -4.127425e+00 2.089905e+00 3.416493e+00 -9.821624e-01 -5.320381e+00 -2.277631e+00 3.125232e-01 -4.922155e+00 3.148829e+00 -3.313637e+00 -7.925344e-02 5.349449e-01 4.017003e-02 -2.682214e-01 1.679241e-01 -9.519659e-01 -1.914602e+00 -2.308521e+00 -1.640310e+00 1.001305e+00 -5.156143e-01 3.936282e-01 -3.076109e-01 -2.378881e-03 
-7.665744e+00 -5.066553e+00 -2.972439e+00 2.151433e+00 3.732172e+00 4.262288e+00 -1.532977e+00 -4.639259e+00 -1.337681e+00 -3.605257e+00 5.014306e+00 2.510989e-01 -9.783769e-02 4.138100e-01 2.283310e-01 4.941950e-01 7.200516e-01 -9.158606e-03 -7.207974e-01 -2.726611e-01 -4.912901e-01 2.957465e-01 9.787081e-01 -5.469979e-01 -1.310376e+00 2.907157e-04 
-8.165843e+00 -4.052447e+00 -3.018546e+00 3.186955e+00 3.756752e+00 -5.076103e+00 -8.210480e+00 -1.069282e+00 1.420444e+00 3.813979e+00 5.311615e+00 -1.636835e+00 -9.543955e-02 -1.191109e-01 5.084650e-01 6.596516e-01 8.409011e-01 1.046145e+00 -8.699548e-02 5.540912e-01 5.085806e-01 4.030233e-01 2.129403e+00 -1.276523e+00 -1.504440e+00 4.003525e-03 
-8.217437e+00 -3.018534e+00 -1.835531e+00 5.671961e+00 7.805515e+00 3.924310e-02 -4.148637e+00 -2.941455e+00 -3.407767e-01 2.463107e+00 -2.619257e-01 -6.843470e+00 -6.762981e-02 -9.030104e-01 2.401592e-01 1.000821e+00 9.017550e-01 1.500806e+00 3.370365e-01 8.962023e-01 1.466949e-01 7.485076e-02 5.625109e-01 -1.769188e+00 -1.820659e+00 2.258195e-02 
-9.282304e+00 -3.217795e+00 -1.397621e+00 4.534146e+00 6.610547e+00 6.943827e-01 -1.242095e+00 -5.836306e-01 1.829188e+00 2.690676e+00 -5.956688e-01 -7.288554e+00 -7.433975e-02 -2.268704e+00 -9.596508e-01 1.390002e+00 1.053366e+00 1.474721e+00 9.492515e-01 1.259362e+00 -1.421117e+00 2.347830e-02 -7.239628e-02 -2.196471e-01 -2.817515e-01 8.982077e-02 
-1.162257e+01 -4.283082e+00 1.221206e+00 5.986613e+00 9.809307e+00 3.062228e+00 -5.361578e-01 -4.148611e+00 -1.167800e+00 -2.310507e-01 -8.779929e-01 -6.026340e+00 4.522145e-03 -1.646971e+00 -6.520969e-01 6.071117e-01 2.309091e-01 3.993569e-01 -3.211486e-02 2.069390e-01 -1.419535e+00 5.277942e-01 -6.409450e-01 3.627058e-01 1.120889e+00 6.487970e-02 
-1.780680e+01 -8.218427e+00 2.403093e+00 8.296462e+00 1.012846e+01 -1.841338e+00 -3.719909e+00 -7.571290e+00 1.951347e+00 4.799077e+00 4.521413e+00 -3.454158e+00 3.175883e-01 3.122692e-02 -5.900098e-02 3.975560e-01 -1.015153e+00 -6.473025e-01 7.877964e-01 -8.774252e-01 -4.317101e-01 4.708902e-01 -3.475165e-01 8.618431e-01 2.254216e+00 7.573581e-03 
-1.219005e+01 -3.778703e+00 -7.003297e-01 4.945349e+00 8.043343e+00 1.146529e+00 -1.875034e+00 -6.545298e+00 2.237115e+00 -1.795818e+00 -1.006938e+00 -3.156220e+00 6.080467e-02 1.424060e+00 5.795022e-01 -4.429419e-02 -2.051423e+00 -1.597659e+00 5.579545e-01 -1.173626e+00 1.622238e+00 1.119731e+00 1.868385e-01 1.425277e+00 2.283976e+00 -4.995381e-02 
-8.842429e+00 -3.764990e+00 1.550927e+00 -2.098811e-02 4.257016e+00 5.591214e+00 -4.959782e+00 -1.543837e+00 2.481181e+00 1.735477e+00 3.778019e+00 2.547468e+00 -6.461310e-02 2.071352e+00 1.164637e+00 -5.391099e-01 -1.711560e+00 -1.561350e+00 7.426543e-01 -5.136741e-01 2.359509e+00 8.350192e-01 -6.393079e-01 -6.625811e-01 1.106039e+00 -9.097962e-02 
-8.984450e+00 -3.612289e+00 1.425819e+00 -1.117755e-01 4.756733e+00 2.135725e+00 -5.784349e+00 9.488513e-01 4.165938e+00 2.234941e+00 6.620087e+00 2.392730e+00 -5.414617e-02 6.846331e-01 5.115264e-02 -3.073376e-01 5.555476e-01 -8.752687e-02 -3.723803e-01 -4.354254e-01 2.487439e+00 4.289173e-01 7.305983e-01 -6.358923e-01 3.008981e-01 -2.803447e-02 
-9.052835e+00 -2.478449e+00 -1.355531e+00 2.267222e+00 3.965014e+00 1.377336e+00 -4.333622e+00 4.791806e-01 5.162031e+00 -4.128425e-01 -2.605005e+00 -6.984391e-01 -7.983434e-02 1.652374e-02 1.241544e-01 -7.638309e-01 1.839869e+00 1.256644e+00 -5.710707e-01 6.251493e-01 1.468565e+00 -4.398713e-01 1.441012e-01 -3.824752e-01 -4.741863e-01 -7.039416e-03 
-8.661677e+00 -4.166210e+00 -7.837890e-01 6.578982e+00 7.751709e+00 1.391567e+00 -4.365241e+00 4.880386e+00 3.041277e+00 2.931333e+00 -9.948874e-01 -2.877641e-02 -7.175708e-02 1.107166e-01 1.927853e-02 -9.285344e-01 1.056978e+00 9.721077e-01 1.067183e+00 1.163618e+00 1.531806e+00 2.819161e-02 7.183436e-01 3.244711e-01 -7.579218e-01 -7.688975e-03 
-8.921197e+00 -2.867258e+00 -1.163424e+00 5.832978e+00 9.042747e+00 3.107939e+00 -2.543590e+00 3.833218e+00 8.441553e-01 2.107788e+00 5.673130e+00 1.387290e+00 -9.100473e-02 -5.166607e-02 -1.480177e-01 -7.747036e-01 -4.153689e-01 -9.413582e-03 1.047351e+00 1.833026e+00 1.786433e+00 5.095103e-01 1.627879e+00 1.756477e+00 -9.187002e-01 -4.885483e-03 
-8.496686e+00 -3.321493e+00 -3.312907e+00 3.390236e+00 7.078405e+00 6.606338e+00 -8.612733e-01 6.930860e+00 6.465834e+00 4.566344e+00 4.103375e+00 -2.439744e+00 -8.700585e-02 -7.662944e-02 1.469797e-01 -6.249498e-01 -1.526619e+00 -1.135791e+00 7.760515e-01 1.810563e+00 2.853757e-01 1.947204e+00 1.775324e+00 1.244666e+00 -1.533626e+00 -2.598190e-03 
-9.393661e+00 -3.640897e+00 -3.964489e+00 1.784750e+00 4.254599e+00 4.006704e+00 3.079522e+00 8.386108e+00 5.997303e+00 6.909048e+00 3.628247e+00 -4.086457e+00 -9.663737e-02 -3.482393e-01 2.849231e-02 1.535951e-01 -7.376920e-01 -8.230335e-01 -2.260833e-01 2.036801e-01 -2.808151e-01 1.436404e+00 6.909228e-01 -4.257116e-01 -6.595364e-01 5.020034e-03 
-8.808593e+00 -3.044492e+00 -2.508006e+00 9.700028e-01 4.466829e+00 4.822442e+00 1.876019e+00 4.030819e+00 1.020072e+01 9.407322e+00 6.250885e+00 -4.960032e+00 -8.193171e-02 -4.697901e-01 1.555416e-01 1.060710e+00 -3.147373e-02 -4.318376e-01 -2.882522e-01 -1.059746e+00 -1.516665e+00 -5.814572e-01 -5.529160e-01 4.844451e-03 1.397403e+00 1.013633e-02 
-1.050644e+01 -2.863297e+00 -7.978989e-01 3.354634e+00 6.233368e+00 2.869471e+00 -2.893835e+00 3.879163e+00 6.158731e+00 3.141913e+00 2.470817e+00 -6.502481e-01 -6.844163e-02 -2.531641e-01 -5.905782e-01 2.189284e+00 1.507065e+00 3.785249e-01 3.594785e-01 -1.609187e+00 -2.601468e+00 -9.129065e-01 -7.438554e-01 -4.497255e-01 1.362439e+00 1.602030e-02 
-1.028925e+01 -2.932585e+00 4.073490e-01 2.447925e+00 3.929832e+00 5.733694e+00 -3.173324e+00 1.601009e+00 3.477834e+00 3.685332e+00 4.706312e+00 2.829168e+00 -5.042207e-02 -3.324846e-01 -1.520981e+00 2.584657e+00 1.940510e+00 -4.833727e-01 -4.520985e-01 -1.176804e+00 -1.542635e+00 -6.079249e-01 -5.886196e-01 -1.308131e+00 4.473272e-01 1.530871e-02 
-9.919154e+00 -6.649741e+00 5.524256e+00 8.581112e+00 6.415721e+00 5.348471e+00 -2.441739e+00 -3.406324e+00 4.794215e+00 6.050766e+00 2.151906e+00 -1.168859e+00 -3.229070e-02 -3.923059e-01 -3.198376e+00 -7.129742e-01 2.077357e+00 -5.429205e-01 6.802676e-01 3.324893e-01 -1.684610e+00 -6.231823e-01 -3.406925e-02 -1.286060e+00 -9.659247e-01 4.423762e-02 
-1.076466e+01 -8.756174e+00 7.254205e+00 8.059315e+00 1.958789e+00 1.322449e+00 -4.234048e+00 -3.961438e-02 7.843357e+00 5.009797e+00 -1.303146e-01 -2.464089e+00 -2.346361e-02 -4.254301e-01 -4.303150e+00 -2.391171e+00 2.605627e+00 6.401046e-02 7.024394e-01 -1.976403e-01 -2.316100e+00 2.617400e-01 2.883297e-01 -2.796398e-01 -1.227190e+00 7.670860e-02 
-1.223026e+01 -1.594338e+01 -7.786198e+00 1.093572e+01 4.504287e+00 8.476431e+00 -7.010267e-01 -3.723575e+00 8.600585e-01 2.309334e+00 -1.541169e+00 -2.833243e+00 1.392673e-01 -9.731273e-02 -2.152972e+00 -2.712552e+00 2.612837e-01 -1.414044e+00 3.270990e-01 8.872283e-01 -9.125710e-03 5.007677e-01 7.359419e-01 1.737319e+00 -5.503591e-01 4.699858e-02 
-1.126084e+01 -1.980152e+01 -4.893279e+00 1.429875e+01 5.205601e+00 7.681910e+00 -5.031881e+00 -9.820865e+00 6.753613e+00 6.997696e+00 5.154651e+00 -2.474590e+00 2.473419e-01 -3.777739e-01 -1.820095e+00 -1.780225e-01 -1.603149e+00 -3.388001e+00 -2.249293e-01 7.655298e-01 1.343997e+00 4.664059e-02 8.042277e-01 2.206566e+00 6.248648e-01 5.669104e-02 
-1.015763e+01 -1.189193e+01 -1.964764e+00 6.767812e+00 -2.277903e+00 3.804235e+00 2.393319e+00 1.438672e+00 7.842926e+00 8.736526e+00 8.196020e+00 -3.915405e+00 6.729943e-02 2.276226e-01 -1.778748e-01 1.290567e+00 -2.316757e+00 -3.721004e+00 -1.850974e+00 1.006627e+00 2.628198e+00 4.160543e-01 8.646088e-01 3.249070e+00 4.939905e-01 1.740726e-02 
-1.368985e+01 -1.988238e+01 3.453375e+00 2.127527e+00 -1.159012e+01 2.533901e+00 -1.953572e+00 4.099247e+00 4.585126e+00 5.817339e+00 6.033921e+00 1.201315e+00 2.959755e-01 1.496886e+00 2.093136e+00 4.708675e-01 -1.795723e+00 -8.396710e-01 -8.311397e-01 6.876519e-02 1.037561e+00 -3.121131e+00 -2.071856e+00 6.797739e-01 -5.916389e-01 -2.008991e-02 
-9.877648e+00 -1.679233e+01 -5.506691e+00 5.437552e+00 -5.702873e+00 1.795566e+00 2.792952e+00 2.457360e+00 4.024573e+00 7.222556e+00 1.426454e+01 -2.201243e+00 2.019868e-01 3.966906e+00 2.673998e+00 -1.479251e+00 -2.094969e+00 2.537536e+00 -2.326504e+00 -1.519416e+00 -2.484227e+00 -3.879759e+00 -2.769931e+00 -3.498210e+00 -2.643614e+00 1.973476e-02 
-3.916401e+00 -6.885635e+00 -7.679774e-01 5.985266e+00 2.719731e+00 4.530547e+00 -4.887872e+00 -5.142406e+00 -6.942869e+00 -2.604599e+00 5.519258e+00 -6.289865e+00 7.954872e-02 6.067284e+00 4.405341e+00 -2.921835e+00 -4.022277e+00 4.262765e+00 -3.718524e+00 -9.758856e-01 -1.867810e+00 -5.191796e+00 -5.037263e-01 -4.678086e+00 -2.500962e+00 5.889992e-02 
4.790179e+00 -5.020310e+00 -7.250345e+00 -5.635904e+00 3.254851e+00 -8.826609e+00 -3.736612e+00 -6.361638e+00 -5.791872e+00 -9.021618e-01 -9.037699e+00 -1.338788e+01 2.741866e-01 6.058452e+00 2.224335e+00 -2.037811e+00 -6.613928e+00 2.401950e+00 -3.300077e+00 -2.488060e-01 -8.763814e-02 -4.539379e+00 1.583495e+00 -4.585950e+00 5.121157e-01 1.752023e-01 
9.312659e+00 -3.741683e+00 -1.028397e+01 -1.244713e+01 5.244841e+00 -1.074763e+01 -3.568218e+00 -8.303041e-01 -1.646563e+01 7.361067e+00 -5.705386e+00 -5.710173e+00 5.543752e-01 4.067552e+00 -1.198591e+00 -1.239401e+00 -6.005394e+00 -5.462232e-01 -1.713159e+00 2.576571e+00 6.231930e-01 -1.129965e+00 3.194780e+00 -1.524216e+00 4.437141e+00 2.248684e-01 
1.380008e+01 -7.242629e+00 -1.093775e+01 -1.841589e+01 5.044324e+00 -7.065729e+00 8.890948e-01 -1.368814e-01 -1.391094e+01 1.015720e+01 -3.052884e+00 6.948924e-02 8.405851e-01 2.060809e+00 -1.475730e+00 6.024516e-01 -3.204697e+00 -1.001388e+00 1.273882e+00 3.525213e+00 -8.519959e-02 -3.910066e-01 7.630519e-01 1.515296e+00 6.677348e+00 1.756061e-01 
1.191641e+01 -1.176743e+01 -5.121279e+00 -1.765171e+01 -9.061213e-01 -4.915689e+00 5.682131e+00 -5.138819e+00 -8.533157e+00 7.839623e+00 -5.094230e+00 9.167156e+00 9.206917e-01 9.477121e-01 -1.348982e+00 1.209389e+00 -2.839016e-01 -2.627337e+00 2.064771e+00 3.649481e+00 -1.624964e+00 8.402308e-01 -1.782782e+00 1.570134e+00 4.998817e+00 1.019723e-01 
1.379235e+01 -8.386085e+00 -6.819435e+00 -1.905710e+01 1.323392e+00 -5.373171e+00 9.264278e+00 -4.633379e+00 -1.171314e+01 2.673819e+00 -1.766795e+00 1.256019e+01 9.690588e-01 1.483739e-01 -6.550913e-02 1.440635e+00 9.003283e-01 -2.408227e+00 8.243756e-01 2.095237e+00 -1.468854e+00 2.745497e-01 -1.855732e+00 6.807501e-01 2.951565e+00 3.193460e-02 
1.405509e+01 -9.914863e+00 -6.296187e+00 -1.354603e+01 -6.031380e+00 -1.270054e+00 1.049159e+01 -6.706877e+00 -1.336338e+01 2.188846e+00 1.502241e+00 1.303856e+01 1.000000e+00 1.866178e-01 1.395939e+00 1.164613e+00 8.461573e-01 -1.586674e+00 -3.033918e-01 -5.444356e-01 1.550079e-01 7.348938e-01 -3.551283e-02 -1.165670e+00 4.571838e-01 -1.433432e-03 
1.347261e+01 -8.496458e+00 -3.147117e+00 -1.596709e+01 -4.434184e+00 -4.766668e+00 8.960548e+00 -6.697122e+00 -1.012308e+01 3.703929e+00 -2.947368e+00 1.289161e+01 9.606039e-01 -1.131559e-01 1.474511e+00 2.043361e+00 3.064162e-01 -1.906564e+00 -8.832695e-01 -1.538247e+00 9.961508e-01 2.086325e+00 1.121030e+00 -2.989167e+00 -1.452274e-01 -1.655721e-02 
1.300937e+01 -4.732546e+00 -1.134371e+00 -1.496593e+01 -5.960704e+00 -6.735900e+00 3.111819e+00 -3.331908e+00 -5.653718e+00 7.147004e+00 -1.033229e+01 1.128736e+01 9.177520e-01 -2.188033e-01 2.205446e+00 1.866463e+00 -1.393226e+00 -8.913996e-01 -1.871548e+00 -9.392465e-01 2.106200e+00 1.414919e+00 7.236242e-01 -3.852919e+00 2.638340e-01 -1.363572e-02 
1.374943e+01 -3.604690e+00 8.164613e-01 -1.681507e+01 -8.244762e+00 -7.056596e+00 5.262932e+00 -1.340110e+00 -5.136344e+00 5.799888e+00 -1.079536e+01 1.270965e+01 9.273968e-01 1.446924e-02 1.810814e+00 6.811431e-01 -4.805470e-01 -2.526014e+00 -5.730386e-01 2.542777e-01 2.019633e+00 1.953870e-01 -1.467095e+00 -1.811739e+00 9.229317e-01 4.471070e-03 
1.282266e+01 -1.333517e+00 1.054340e+00 -2.008817e+01 -8.583088e+00 -9.482829e+00 7.644170e+00 1.145616e+00 -8.782155e+00 4.758987e+00 -1.383836e+01 1.444871e+01 9.484249e-01 2.017091e-01 1.303254e+00 -7.762905e-01 5.890747e-01 -2.456712e+00 -5.789587e-01 1.226656e+00 6.431282e-01 4.964904e-01 -3.680536e+00 5.801838e-01 7.036842e-01 1.589895e-02 
1.363831e+01 -1.141904e+00 -8.357571e-01 -1.580870e+01 -1.575306e+01 -6.258397e+00 7.965761e+00 1.162278e+00 -7.581929e+00 -2.437540e+00 -1.025303e+01 1.592560e+01 9.676228e-01 3.286967e-01 1.097758e+00 -9.068881e-01 1.184851e+00 -2.451651e+00 -4.736096e-01 5.977777e-01 -7.365855e-01 1.255211e+00 -4.121167e+00 1.528457e+00 1.360821e-01 1.417005e-02 
1.407347e+01 5.523317e-01 -4.189714e+00 -1.252374e+01 -1.449012e+01 -1.002979e+01 7.893687e+00 -1.367460e+00 -1.948474e+00 -7.136962e+00 -7.702538e+00 1.319781e+01 9.771338e-01 6.366091e-01 1.174332e+00 -6.107625e-01 1.599371e+00 -2.311883e+00 -2.435506e-01 -2.162581e-01 -1.790354e+00 2.179946e+00 -3.424211e+00 2.147011e+00 -5.253010e-01 7.588166e-03 
1.476751e+01 9.411759e-01 -1.095952e+00 -1.467303e+01 -1.754950e+01 -9.151161e+00 8.127062e+00 -3.766499e+00 -2.277131e+00 -8.857974e+00 -6.220985e+00 1.401551e+01 9.838926e-01 4.429635e-01 1.595659e+00 1.541714e-01 1.154627e+00 -2.445921e+00 2.597091e-01 -7.811334e-01 -2.309954e+00 2.214787e+00 -1.774056e+00 1.230561e+00 -9.585239e-01 -7.008791e-04 
1.544111e+01 3.496604e+00 -1.869375e+00 -1.265915e+01 -1.924428e+01 -9.254200e+00 6.482229e+00 -5.341764e+00 -5.348233e-01 -9.151850e+00 -5.119326e+00 1.277725e+01 9.782308e-01 2.514479e-01 1.631409e+00 4.433566e-01 1.218523e+00 -2.840128e+00 9.611428e-01 -4.495530e-01 -3.066584e+00 2.053974e+00 -4.033569e-01 4.620232e-01 -1.290105e+00 -9.549653e-03 
1.516931e+01 5.364257e+00 -1.225070e+00 -9.967857e+00 -2.560558e+01 -5.347648e+00 4.765823e+00 -8.400341e+00 2.785181e+00 -1.030038e+01 -5.391834e+00 1.134326e+01 9.635698e-01 -2.033143e-01 2.197073e+00 -4.704648e-02 1.247867e+00 -1.782059e+00 3.459218e-01 3.409784e-01 -3.528646e+00 2.238315e+00 3.596420e-01 -4.088974e-03 -1.350938e+00 -1.811225e-02 
1.512981e+01 6.497836e+00 -1.908372e+00 -8.783710e+00 -2.466272e+01 -7.125836e+00 7.326541e+00 -1.438346e+01 5.790237e+00 -8.432544e+00 -5.806998e+00 8.083418e+00 9.395469e-01 -4.454589e-01 1.968299e+00 2.257057e-01 1.991043e-01 -7.853012e-02 -4.297287e-01 7.084012e-01 -3.069662e+00 4.364510e-01 1.695040e+00 -2.456832e-02 -1.310259e+00 -2.378796e-02 
1.390659e+01 1.042592e+01 -1.311686e+00 -1.037141e+01 -2.375058e+01 -8.485735e+00 9.409798e+00 -1.688888e+01 5.751915e+00 -7.419417e+00 -5.897593e+00 9.607737e+00 9.126734e-01 -3.182936e-01 1.490988e+00 2.460542e-01 1.276546e-01 1.534654e+00 -1.267846e+00 -2.203655e-02 -1.920610e+00 -8.256239e-01 2.245052e+00 5.138092e-02 -1.176680e+00 -2.698867e-02 
1.384517e+01 1.080727e+01 -6.975387e-01 -1.146185e+01 -2.056443e+01 -9.833800e+00 7.702247e+00 -1.644580e+01 1.640648e-01 -2.117128e+00 -4.989287e+00 7.093715e+00 8.847393e-01 -1.691148e-01 1.357258e+00 3.346364e-01 4.018968e-01 1.131556e+00 -6.077483e-01 -9.215614e-01 4.404201e-02 -2.870162e+00 2.351290e+00 3.981561e-01 -8.190211e-01 -2.655492e-02 
1.422016e+01 1.066448e+01 -6.002156e-01 -7.990511e+00 -1.998145e+01 -1.033290e+01 4.467787e+00 -1.697222e+01 1.470148e+00 -2.232825e+00 -5.543785e+00 5.954713e+00 8.560303e-01 -3.807516e-02 1.069523e+00 5.040438e-01 3.718457e-01 7.846006e-01 -3.762507e-01 -5.277732e-01 8.222838e-02 -2.945509e+00 1.561054e+00 1.088101e+00 -1.071300e+00 -2.500154e-02 
1.412745e+01 1.316485e+01 -5.909253e-01 -7.964674e+00 -2.088951e+01 -9.240997e+00 5.189740e+00 -1.412158e+01 -6.419687e+00 7.306099e-01 -3.993122e+00 5.814824e+00 8.350938e-01 2.677503e-02 1.412468e+00 -9.292767e-02 7.005925e-01 9.080557e-01 -1.518422e-01 -9.474245e-01 3.803248e-01 -1.665725e+00 -5.674415e-02 1.615949e+00 -1.202440e+00 -2.229733e-02 
1.357507e+01 1.459475e+01 1.155227e+00 -1.026077e+01 -1.966504e+01 -1.066339e+01 8.027185e+00 -1.763985e+01 -5.683755e+00 -1.038018e+00 -9.551704e-01 4.890684e+00 8.124884e-01 -1.426873e-02 1.231751e+00 -3.671050e-03 3.747477e-01 4.198194e-01 4.199810e-02 -1.189372e+00 1.013224e+00 -1.345548e+00 -1.129791e+00 1.735063e+00 -5.459388e-01 -1.739932e-02 
1.430159e+01 1.590447e+01 -2.039898e+00 -6.823762e+00 -1.618236e+01 -1.042776e+01 1.185425e+00 -1.421037e+01 -4.587606e+00 -2.998252e+00 7.961518e-01 1.613532e+00 7.950236e-01 -1.495267e-01 2.778290e-01 6.565830e-01 7.130562e-01 -5.816343e-01 -1.553390e-01 -9.665459e-01 7.744790e-01 8.188809e-01 -1.684683e+00 2.076640e-01 -4.245729e-02 -1.465445e-02 
1.406174e+01 1.545343e+01 1.059155e-01 -6.687229e+00 -2.023593e+01 -9.529522e+00 5.230861e-01 -1.186171e+01 -6.173635e+00 -6.017352e+00 7.368920e-01 5.325665e+00 7.890688e-01 -2.466933e-01 -9.490753e-01 7.631251e-01 1.567972e+00 -1.047725e+00 2.943512e-01 -2.057047e+00 1.293447e+00 1.825814e+00 -4.405527e-01 -1.495141e+00 -4.739965e-01 -1.496438e-02 
1.313648e+01 1.412465e+01 3.216645e+00 -6.186164e+00 -2.351223e+01 -1.058463e+01 4.109060e+00 -1.313826e+01 -2.080342e+00 -5.203138e+00 -3.800833e+00 5.385046e+00 7.735313e-01 -1.304886e-01 -1.001486e+00 1.421558e+00 7.746817e-01 -1.721919e+00 3.455631e-01 -1.824012e-01 7.352270e-01 8.619329e-01 5.426208e-01 -1.093378e+00 -1.502335e+00 -1.901083e-02 
1.292416e+01 1.073928e+01 2.342580e+00 -2.739710e+00 -2.123873e+01 -9.113203e+00 -3.719866e+00 -1.170867e+01 2.191685e+00 -2.138339e+00 -6.132384e+00 6.349440e-01 7.484126e-01 4.025479e-01 -9.187372e-01 9.071237e-01 2.840654e-01 -2.704155e-01 -2.039307e-01 4.741767e-01 1.511469e-02 1.148457e+00 5.770042e-01 -2.208162e-01 -2.953397e+00 -2.321481e-02 
1.421794e+01 1.325411e+01 3.949562e+00 -4.924113e+00 -2.429056e+01 -8.908108e+00 2.394895e+00 -1.061075e+01 -4.460602e+00 -2.224654e+00 -1.236098e+00 -3.552781e+00 7.202975e-01 6.914917e-01 -9.236369e-01 1.002839e-01 -1.463637e-01 7.209206e-01 8.584322e-01 -1.238219e+00 1.488236e+00 1.489071e+00 -7.109348e-01 5.524108e-01 -2.064247e+00 -2.582215e-02 
1.553375e+01 1.129501e+01 4.275076e+00 -5.897928e+00 -2.119884e+01 -1.138743e+01 3.751052e+00 -1.304989e+01 7.587795e-01 -4.621572e+00 -1.649557e+00 -4.972406e+00 6.996117e-01 -5.780649e-02 -2.208081e-01 -3.919303e-01 -3.763490e-01 1.889087e+00 1.349177e+00 -1.992172e+00 4.487803e+00 1.524209e+00 -1.246142e+00 4.619566e-01 4.038357e-02 -4.202984e-02 
1.528914e+01 9.228604e+00 2.751817e+00 -5.338874e+00 -1.992757e+01 -5.155349e+00 -5.817493e+00 -5.026468e+00 6.081468e+00 -7.516195e+00 -3.280193e+00 -2.132514e+00 6.688210e-01 -1.641905e+00 -2.290567e+00 2.534626e-01 1.312492e+00 3.921953e+00 1.402866e+00 -4.486362e+00 7.171225e+00 1.770918e+00 -1.162878e+00 1.911578e+00 3.251018e-01 -6.206424e-02 
1.209953e+01 1.164800e+01 9.818009e-01 -4.414074e+00 -1.397479e+01 -4.243697e+00 -9.574530e+00 7.938205e+00 4.541696e+00 -5.723277e+00 -2.800554e+00 1.267285e-01 5.640017e-01 -2.024758e+00 -2.112831e+00 9.897658e-01 2.302440e+00 3.725911e+00 2.035676e+00 -2.168938e+00 8.522999e+00 -6.562023e-02 -1.390182e-01 1.422665e+00 4.665797e-02 -7.726409e-02 
7.725526e+00 1.624783e+00 6.863512e+00 8.964180e-01 -8.292824e+00 -5.465645e+00 -1.337412e+01 1.475133e+01 2.502529e+00 -7.488193e+00 8.897291e+00 -4.476840e+00 4.777813e-01 -1.471855e+00 -5.339122e-01 8.105499e-01 1.744109e+00 3.132694e+00 2.507266e+00 2.657447e+00 3.994378e+00 1.419425e-01 1.846224e+00 9.742429e-02 2.021428e-01 -7.585523e-02 
9.191770e+00 4.532766e+00 7.168058e+00 2.496625e+00 -8.386669e+00 -1.053905e+00 -3.315323e+00 1.967621e+01 2.220148e+00 -5.330665e+00 -6.249714e-01 -3.566954e+00 4.088111e-01 -7.052540e-01 2.485479e-01 3.528633e-02 1.560967e+00 2.816449e+00 3.700452e+00 4.775592e+00 3.081966e-01 5.017442e-01 2.464840e+00 -1.400107e+00 -4.201411e-01 -5.672755e-02 
9.383747e+00 1.011666e+01 3.711438e+00 -7.368165e-02 -7.058164e+00 5.786086e+00 4.340140e+00 9.076418e+00 7.951954e+00 1.518618e+00 -3.880862e+00 7.250409e-01 3.671402e-01 -3.043330e-01 1.367489e+00 -1.396291e+00 7.894796e-01 3.639486e+00 3.652106e+00 4.242966e+00 -1.804599e+00 -4.796112e-01 1.448576e+00 -3.637653e+00 8.141875e-02 -4.787137e-02 
7.744147e+00 8.644798e+00 2.734270e+00 3.875809e+00 -5.098758e-01 8.632698e+00 5.446301e+00 1.231664e+01 4.325704e+00 2.097520e+00 -3.412014e+00 -4.574917e+00 3.356845e-01 -1.343425e+00 -4.130041e-01 -5.277565e-01 1.284801e+00 4.645297e+00 1.743032e+00 1.543943e+00 -2.132512e+00 -1.970741e+00 -1.138171e+00 -6.520799e-01 -7.929758e-01 -5.245959e-02 
6.927673e+00 6.406213e+00 2.098953e+00 4.154224e+00 5.966210e+00 7.951583e+00 3.459893e+00 9.408114e+00 -9.483047e-01 -3.959403e+00 -7.897452e+00 -3.565764e+00 2.749878e-01 -2.108384e+00 -2.385383e+00 -6.412697e-02 1.383516e+00 3.474416e+00 9.255095e-02 4.889860e-02 -1.112604e-02 -2.586808e+00 -2.840441e+00 6.483198e-01 -2.217857e+00 -7.330892e-02 
3.702683e+00 4.322968e+00 5.335518e+00 6.806676e+00 8.327625e+00 6.578503e+00 4.844518e+00 8.847802e+00 -3.183428e+00 -8.282507e+00 -1.877076e+00 -5.386431e+00 1.925893e-01 -2.388849e+00 -2.752902e+00 -5.253566e-01 9.387434e-02 1.069219e+00 -9.428470e-01 -1.740342e+00 -1.966768e+00 -1.301404e+00 -2.287072e+00 7.346101e-02 -1.450956e+00 -7.957834e-02 
8.625579e-01 3.506570e-01 2.090179e+00 5.378466e+00 5.895167e+00 7.275938e+00 4.885524e+00 1.075521e+01 -1.227519e+00 -7.493576e+00 -1.406733e+00 -9.958487e+00 7.214314e-02 -2.344671e+00 -2.570544e+00 -1.293901e+00 -1.171618e+00 -5.554763e-01 -1.628221e-01 -1.215290e+00 -9.460109e-01 4.793056e-01 -1.850038e-01 1.637438e+00 -7.878597e-01 -6.304502e-02 
-1.167542e+00 -2.091931e+00 1.118734e-01 3.733060e+00 4.871738e+00 4.256286e+00 -3.968222e+00 1.809256e+00 -2.041708e+00 -7.570756e+00 -6.290069e+00 -8.633336e+00 3.921509e-02 -1.703946e+00 -1.666644e+00 -1.623298e+00 -1.395321e+00 -3.798599e-01 -8.370865e-01 -2.116744e+00 -1.554819e-01 1.260887e+00 7.951513e-01 3.593775e-01 5.214851e-01 -2.944004e-02 
-2.360567e+00 -3.239057e+00 -1.758732e+00 -1.670597e-01 4.916772e+00 8.298582e+00 1.789813e+00 8.197333e+00 8.773634e-01 -5.240297e+00 2.496234e+00 -5.881610e+00 3.644979e-02 -3.092044e-01 3.357028e-02 -5.438868e-01 -3.152049e-01 1.710700e+00 -2.224173e-01 -1.447533e+00 6.261735e-01 1.005081e+00 8.981367e-01 5.280500e-01 1.716526e+00 -5.908865e-03 
-3.205487e+00 -2.215392e+00 -8.565184e-01 2.602834e+00 6.917523e+00 1.881749e+00 -4.191347e+00 9.349330e+00 2.068567e+00 -5.433390e+00 -2.031672e+00 -4.817443e+00 6.323582e-02 6.102160e-01 2.024360e+00 8.119379e-01 8.406655e-01 2.860617e+00 3.672700e-01 5.394592e-02 8.525699e-01 -1.639100e-01 9.255535e-01 1.669763e+00 1.832971e+00 6.637067e-03 
3.355083e-01 5.802386e-01 -1.450589e-01 4.367555e+00 1.342578e+01 7.351120e+00 -2.240580e+00 1.011604e+01 1.742750e+00 -4.071575e+00 -8.956814e-01 -3.283801e+00 3.058845e-02 1.239290e+00 2.831091e+00 2.321573e+00 2.211295e+00 2.388922e+00 -1.061522e+00 -1.800649e+00 -1.634490e+00 -1.494749e+00 3.074138e-01 -1.769927e-01 3.717239e-01 7.137650e-03 
5.354996e-01 6.120221e+00 3.364727e+00 5.669080e+00 1.492032e+01 6.566367e+00 -1.683296e+00 5.112753e+00 -3.293952e+00 -3.527349e+00 3.754702e+00 -7.673848e-01 7.533109e-02 9.895656e-01 2.570823e+00 2.598898e+00 1.606246e+00 7.446371e-01 -6.649027e-01 -8.623980e-01 -1.563399e+00 -4.996562e-01 3.653256e-01 1.033448e+00 5.779044e-01 6.718493e-03 
1.965387e+00 6.748590e+00 7.738512e+00 9.356292e+00 1.285998e+01 6.486640e-01 -8.467456e+00 2.143172e+00 -3.915121e+00 -4.656249e+00 -1.281916e+00 -6.048019e+00 6.609040e-02 5.779576e-02 1.555531e+00 1.692473e+00 1.810491e-01 -1.453142e+00 -1.608390e+00 -1.693981e+00 -1.840040e+00 -3.744650e-03 2.529795e-02 1.267036e-01 -1.259353e+00 -7.348794e-03 
9.274011e-01 7.554546e+00 8.196185e+00 8.139697e+00 1.092361e+01 1.908463e+00 -5.389898e+00 5.518769e+00 2.399221e+00 -3.314425e+00 3.328686e+00 -5.458119e-01 7.907730e-02 2.897150e-01 9.633325e-01 6.138296e-01 -8.316135e-02 -1.971774e+00 -1.147453e+00 -1.003285e+00 -7.791396e-01 1.337211e+00 3.014533e-01 -6.834829e-01 -8.272570e-01 -1.434608e-02 
4.285364e-01 7.640731e+00 5.901578e+00 4.037491e+00 8.158422e+00 1.638123e+00 -8.857183e+00 7.128307e-01 -1.122560e+00 -4.051547e+00 -4.915547e-02 -9.691352e+00 -8.028626e-03 -4.483376e-02 2.129144e-01 -5.216792e-01 -2.818308e-01 -1.391339e+00 6.451932e-01 -3.780083e-01 -4.063314e-01 -2.598554e-01 1.123672e+00 4.321517e-01 4.678129e-01 -1.687102e-02 
2.752500e+00 1.049081e+01 7.352342e+00 7.912674e+00 7.412230e+00 3.343716e-01 -6.504856e+00 1.932226e+00 1.995822e+00 -2.322433e+00 -2.790929e-01 -3.082003e+00 4.066020e-02 -1.366008e-01 -5.327501e-01 -4.096397e-01 4.416630e-01 -1.032034e+00 9.891135e-01 -8.949280e-03 -1.028341e+00 -2.483257e+00 4.420612e-01 1.152789e+00 5.614747e-01 -2.326284e-02 
8.286691e-01 6.345029e+00 5.552038e+00 8.060650e+00 7.658975e+00 4.661675e+00 -9.800018e+00 1.904787e+00 -5.012699e+00 4.661151e-01 2.682732e+00 -2.440859e+00 9.438396e-04 -5.115671e-01 -7.659470e-01 -5.436034e-02 9.452383e-01 -1.251339e-01 1.825196e+00 2.485725e+00 1.156236e-01 -1.520657e+00 2.694744e-01 2.113976e-01 5.504247e-01 -1.466865e-02 
4.433060e-02 5.538647e+00 6.322757e+00 8.336432e+00 6.013161e+00 5.342254e+00 -4.963227e+00 -2.189121e-01 -8.071992e+00 -3.362950e+00 7.726688e+00 -1.363685e+00 -4.172313e-02 -1.386115e+00 -1.578989e+00 -1.064098e+00 -4.804542e-01 9.464768e-01 1.366658e+00 2.134631e+00 3.417723e-01 -7.732168e-01 -8.093975e-01 -1.957237e-01 -5.833236e-01 -2.882863e-02 
-7.752142e-01 6.287079e+00 6.144569e+00 8.551803e+00 8.232288e+00 8.260160e+00 2.800627e+00 2.366518e+00 -3.691939e+00 -2.183917e+00 -2.995058e+00 -7.798388e+00 -4.018021e-02 -1.036696e+00 -3.729328e-01 -5.513695e-01 -2.564793e-02 1.107365e+00 1.512608e-02 1.656753e+00 7.332784e-01 1.867530e+00 -3.342779e-01 -8.789513e-01 -1.161612e+00 -1.477660e-02 
-3.376135e+00 2.624844e+00 1.735587e+00 5.264826e+00 1.185796e+01 5.368421e+00 -2.132023e+00 3.410222e+00 -2.530642e+00 -5.044405e+00 1.581184e+00 -3.319857e+00 -8.292091e-02 -1.062102e+00 -5.374514e-01 -1.109485e+00 -3.921527e-01 7.611101e-01 -1.690398e+00 3.461857e-02 7.431257e-01 2.695476e+00 1.687365e+00 -1.046910e+00 -6.407622e-01 -1.176147e-02 
-2.644580e+00 5.937266e+00 5.088775e+00 9.468213e+00 1.027340e+01 4.724223e+00 -2.931856e+00 3.756612e+00 1.554273e+00 -3.645466e-01 1.360729e+00 -7.270833e+00 -5.234027e-02 -6.452811e-01 -1.477426e-01 -6.357934e-02 2.887320e-01 -1.409657e-01 -1.302426e+00 -6.947914e-01 -2.583665e-01 1.316499e+00 7.803364e-01 3.762126e-02 9.158276e-01 -1.083256e-02 
-4.331494e+00 3.026296e+00 1.303231e+00 5.917464e+00 8.798156e+00 -1.341767e+00 -1.923893e+00 2.801669e+00 2.782282e+00 4.164191e+00 3.142443e-01 -4.831274e+00 -9.445047e-02 -2.911728e-01 1.343418e-01 5.967704e-01 6.653913e-01 -8.039991e-01 4.677322e-01 1.332214e+00 -3.474593e-01 -6.682989e-01 3.362610e-02 -1.403785e+00 8.186500e-02 4.360795e-03 
-3.523940e+00 5.347640e+00 6.042850e+00 9.669144e+00 9.057361e+00 5.103127e+00 -7.773952e-01 1.378961e+00 2.340923e-01 -2.886532e+00 -2.173482e+00 -2.463542e+00 -8.857822e-02 -2.968158e-01 -5.573255e-01 -1.088639e-01 2.608752e-01 -2.811031e-02 9.390426e-01 1.544605e+00 3.739070e-01 -5.363563e-01 -2.745233e-01 -2.108029e-01 6.732203e-01 1.747024e-03 
-4.392319e+00 3.591366e+00 4.242402e+00 8.491317e+00 8.445981e+00 7.517629e+00 3.451815e+00 2.861750e+00 -5.212046e+00 -3.615281e+00 -3.670637e+00 -5.314178e+00 -4.299796e-02 -3.003790e-01 -8.886408e-01 -3.284668e-01 2.769172e-01 8.077804e-01 1.443312e+00 1.476154e+00 9.691198e-01 3.644400e-01 2.635089e-01 7.861246e-01 5.176009e-01 4.801893e-03 
-4.098247e+00 2.868104e+00 3.074870e+00 9.485662e+00 1.030894e+01 4.989738e+00 2.103317e+00 5.596107e+00 2.869655e+00 2.152573e+00 2.299155e+00 -3.663280e+00 -6.933141e-02 -5.373650e-01 -1.245823e+00 -8.055380e-01 -1.061493e-01 5.147375e-01 6.452438e-01 1.816831e+00 7.111716e-01 1.827399e+00 1.293425e+00 1.354925e+00 2.194599e-01 3.711939e-04 
-5.546236e+00 -1.771400e-01 1.144887e+00 7.393791e+00 1.221127e+01 5.931490e+00 4.016522e+00 5.538696e+00 3.286701e+00 2.962183e+00 2.008549e+00 -1.643400e+00 -8.006442e-02 -5.741553e-01 -7.406361e-01 -2.999738e-01 -5.092297e-01 -3.925077e-01 -4.541931e-01 -2.710174e-01 5.148597e-01 1.872052e+00 6.563216e-01 6.568741e-01 1.866554e-01 -8.448685e-03 
-5.633806e+00 1.002776e+00 3.563918e+00 9.687160e+00 9.748404e+00 9.122416e+00 8.024405e+00 3.596347e+00 5.121715e+00 2.918614e-01 1.761549e+00 -3.201631e+00 -6.818902e-02 -5.743217e-01 -3.096518e-01 1.993986e-02 -8.831857e-01 -1.253802e+00 -6.369991e-01 -1.081461e+00 2.576877e-01 4.053903e-03 -5.477281e-01 -6.959250e-01 -4.865215e-01 -3.871047e-03 
-6.495316e+00 8.208499e-01 2.498008e+00 5.844420e+00 6.763708e+00 3.180325e+00 -8.638165e-01 6.435929e+00 3.022183e+00 5.966827e-01 -1.174637e-01 -4.611725e+00 -8.581257e-02 -2.759668e-01 1.814054e-01 1.640333e-01 -6.941482e-01 -1.387982e+00 -1.144442e+00 -1.864890e+00 4.634048e-01 -2.628567e-01 -4.426178e-01 -6.131039e-01 -7.346743e-01 -2.911985e-03 
